p::
v 1 1 -1 0 1 0 0.625 0.5 0.68162 0.99988 -1 0 0 1
v -1 1 -1 0 1 0 0.875 0.5 0.68162 0.753959 -1 0 0 1
v -1 1 1 0 1 0 0.875 0.25 0.4021 0.753959 -1 0 0 1
v 1 1 1 0 1 0 0.625 0.25 0.4021 0.99988 -1 0 0 1
v -1 -1 -1 0 0 -1 0.375 0.75 0.999864 0.99892 0 1 0 1
v -1 1 -1 0 0 -1 0.625 0.75 0.999864 0.752999 0 1 0 1
v 1 1 -1 0 0 -1 0.625 0.5 0.720344 0.752999 0 1 0 1
v 1 -1 -1 0 0 -1 0.375 0.5 0.720344 0.99892 0 1 0 1
v -1 -1 1 -1 0 0 0.375 1 0.0751295 0.74916 0 1 0 1
v -1 1 1 -1 0 0 0.625 1 0.0751295 0.995082 0 1 0 1
v -1 1 -1 -1 0 0 0.625 0.75 0.35465 0.995082 0 1 0 1
v -1 -1 -1 -1 0 0 0.375 0.75 0.35465 0.74916 0 1 0 1
v 1 -1 1 0 0 1 0.375 0.25 0.997955 0.75012 0 1 0 1
v 1 1 1 0 0 1 0.625 0.25 0.997955 0.504199 0 1 0 1
v -1 1 1 0 0 1 0.625 0 0.718435 0.504199 0 1 0 1
v -1 -1 1 0 0 1 0.375 0 0.718435 0.75012 0 1 0 1
v 1 -1 -1 1 0 0 0.375 0.5 0.955686 0.494602 0 1 0 1
v 1 1 -1 1 0 0 0.625 0.5 0.955686 0.24868 0 1 0 1
v 1 1 1 1 0 0 0.625 0.25 0.676166 0.24868 0 1 0 1
v 1 -1 1 1 0 0 0.375 0.25 0.676166 0.494602 0 1 0 1
v -1 -1 -1 0 -1 0 0.125 0.5 0.708345 0.752519 1 0 0 1
v 1 -1 -1 0 -1 0 0.375 0.5 0.708345 0.506598 1 0 0 1
v 1 -1 1 0 -1 0 0.375 0.25 0.428825 0.506598 1 0 0 1
v -1 -1 1 0 -1 0 0.125 0.25 0.428825 0.752519 1 0 0 1
i 0 1 2 0 2 3 12 13 14 12 14 15 8 9 10 8 10 11 20 21 22 20 22 23 16 17 18 16 18 19 4 5 6 4 6 7 
p::
v -1 -1 1 -1 0 0 0.375 1 0.00477229 0.50036 0 1 0 1
v -1 1 1 -1 0 0 0.625 1 0.00477229 0.746281 0 1 0 1
v -1 1 -1 -1 0 0 0.625 0.75 0.284292 0.746281 0 1 0 1
v -1 -1 -1 -1 0 0 0.375 0.75 0.284292 0.50036 0 1 0 1
v 1 -1 1 0 0 1 0.375 0.25 0.844423 0.247481 0 1 0 1
v -1 1 1 0 0 1 0.625 0 0.564903 0.0015595 0 1 0 1
v -1 -1 1 0 0 1 0.375 0 0.564903 0.247481 0 1 0 1
v 1 1 1 0 0 1 0.625 0.25 0.844423 0.0015595 0 1 0 1
v 1 1 -1 0 1 0 0.625 0.5 0.674802 0.505398 -1 0 0 1
v -1 1 -1 0 1 0 0.875 0.5 0.395282 0.505398 -1 0 0 1
v -1 1 1 0 1 0 0.875 0.25 0.395282 0.259477 -1 0 0 1
v 1 1 1 0 1 0 0.625 0.25 0.674802 0.259477 -1 0 0 1
v -1 -1 -1 0 0 -1 0.375 0.75 0.393646 0.49916 0 1 0 1
v -1 1 -1 0 0 -1 0.625 0.75 0.114126 0.49916 0 1 0 1
v 1 1 -1 0 0 -1 0.625 0.5 0.114126 0.253239 0 1 0 1
v 1 -1 -1 0 0 -1 0.375 0.5 0.393646 0.253239 0 1 0 1
v -1 -1 -1 0 -1 0 0.125 0.5 0.560813 0.252039 1 0 0 1
v 1 -1 1 0 -1 0 0.375 0.25 0.281293 0.00611804 1 0 0 1
v -1 -1 1 0 -1 0 0.125 0.25 0.281293 0.252039 1 0 0 1
v 1 -1 -1 0 -1 0 0.375 0.5 0.560813 0.00611804 1 0 0 1
v 1 -1 -1 1 0 0 0.375 0.5 0.279656 0.246041 0 1 0 1
v 1 1 1 1 0 0 0.625 0.25 0.000136351 0.000119962 0 1 0 1
v 1 -1 1 1 0 0 0.375 0.25 0.000136351 0.246041 0 1 0 1
v 1 1 -1 1 0 0 0.625 0.5 0.279656 0.000119962 0 1 0 1
i 0 1 2 0 2 3 12 13 14 12 14 15 20 23 21 20 21 22 4 7 5 4 5 6 16 19 17 16 17 18 8 9 10 8 10 11 
